time_s,surge_m,sway_m,heave_m,yaw_deg,hull_pitch_deg,bridge_relative_pitch_deg,spud_relative_pitch_deg,spud_relative_yaw_deg,spud_upper_guide_relative_x_m,spud_soil_x_displacement_m,spud_soil_y_displacement_m,spud_soil_pitch_rotation_deg,spud_soil_yaw_rotation_deg,spud_lateral_m,equivalent_displacement_m,equivalent_velocity_m_s,equivalent_net_force_N,equivalent_total_restoring_force_N,equivalent_wire_rope_force_demand_N,equivalent_end_stop_diagnostics_available,equivalent_end_stop_enabled,equivalent_end_stop_travel_m,equivalent_end_stop_engagement_ramp_m,equivalent_end_stop_engagement_factor,equivalent_end_stop_engagement_gradient_per_m,equivalent_end_stop_active,equivalent_end_stop_penetration_m,equivalent_end_stop_force_N,equivalent_end_stop_closing_rate_m_s,equivalent_end_stop_elastic_energy_J,equivalent_end_stop_damping_dissipation_W,equivalent_end_stop_force_limit_N,equivalent_end_stop_capacity_status,equivalent_tension_1_N,equivalent_tension_2_N,equivalent_common_tension_N,equivalent_minimum_tension_control_required_N,equivalent_minimum_tension_control_active,equivalent_travel_demand_m,equivalent_travel_warning_m,equivalent_travel_limit_m,equivalent_travel_capacity_status,equivalent_force_demand_N,equivalent_force_warning_N,equivalent_force_limit_N,equivalent_force_capacity_status,soil_force_x_N,soil_force_y_N,soil_pitch_moment_Nm,soil_yaw_moment_Nm
123.10000000000001,0.4106935917325502,1.7424923243842714,-0.2918038296209054,-2.2732978934669155,-1.4208045709559236,-1.9420879175122585,1.2498274288637556,0.1218180320521362,-0.26713116578383206,0.000404177104861958,0.03314138842006287,-0.1709739318620209,-2.1515083006033717,0.029013162404701448,-0.18617119996842554,-0.006849760513224411,238807.26331995032,238807.26331995032,238807.26331995032,1.0,1.0,0.3,0.005,0.0,0.0,0.0,0.0,0.0,0.0,0.0,0.0,2000000.0,within,338807.2633199503,100000.0,219403.63165997516,69403.63165997516,1.0,0.18617119996842554,0.25,0.3,within,238807.26331995032,500000.0,550000.0,within,264008.45438986,2148406.3856012747,804708.4407201483,7485195.925425399
123.2,0.42007411278762,1.743002106297754,-0.29548268859370547,-2.2741874617226676,-1.4680610831942258,-1.9339566652138434,1.3007874766141554,0.12024359390472357,-0.269824509577725,0.0001986638358317805,0.033275637940029856,-0.16727037485059587,-2.1539743426597773,0.028987644118187366,-0.1853068612814465,0.024136534252804303,231469.07729993222,231469.07729993222,231469.07729993222,1.0,1.0,0.3,0.005,0.0,0.0,0.0,0.0,0.0,0.0,0.0,0.0,2000000.0,within,331469.07729993225,100000.00000000001,215734.53864996613,65734.53864996613,1.0,0.1853068612814465,0.25,0.3,within,231469.07729993222,500000.0,550000.0,within,266521.9892639781,2146841.2233807603,805800.0389603355,7484713.188700417
123.30000000000001,0.4283219265183906,1.74364710568405,-0.3007345331214006,-2.2752465629303606,-1.5134429397186333,-1.9168376079430909,1.35245769023197,0.11865046981079284,-0.2697966434688118,-5.436852546836235e-05,0.03339338458437702,-0.1609820056441076,-2.15662867876968,0.028981745884551883,-0.18167173376117457,0.04856601615263295,221784.81259320755,221784.81259320755,221784.81259320755,1.0,1.0,0.3,0.005,0.0,0.0,0.0,0.0,0.0,0.0,0.0,0.0,2000000.0,within,321784.8125932076,100000.00000000001,210892.4062966038,60892.40629660379,1.0,0.18167173376117457,0.25,0.3,within,221784.81259320755,500000.0,550000.0,within,266776.7396361445,2146275.9185777195,798624.1345792362,7486712.163990907
123.4,0.43533111213516495,1.7443335961532305,-0.30750423826472706,-2.2763499881130724,-1.5564224762747851,-1.8932623675802744,1.4034284233589887,0.11712063070010612,-0.2675798611133705,-0.0003291567639323034,0.03349031473067221,-0.15299080251642866,-2.1592640731940476,0.028993620455114825,-0.17589652294484598,0.06693820017393821,210487.09751139276,210487.09751139276,210487.09751139276,1.0,1.0,0.3,0.005,0.0,0.0,0.0,0.0,0.0,0.0,0.0,0.0,2000000.0,within,310487.0975113928,100000.00000000001,205243.5487556964,55243.54875569639,1.0,0.17589652294484598,0.25,0.3,within,210487.09751139276,500000.0,550000.0,within,265143.9095979428,2146550.453860728,785102.7895416326,7490577.437830678
123.5,0.4409972891380008,1.745033219547989,-0.31572124451383005,-2.2774578404897787,-1.5964621555504577,-1.8663826661998648,1.4523479192775461,0.11568452173152222,-0.26365764478046105,-0.0006008440982512298,0.03355609718709829,-0.14411098360767757,-2.161810116623529,0.02901478691085429,-0.16855908152315752,0.0798106282598304,198227.18921758555,198227.18921758555,198227.18921758555,1.0,1.0,0.3,0.005,0.0,0.0,0.0,0.0,0.0,0.0,0.0,0.0,2000000.0,within,298227.18921758555,100000.0,199113.59460879277,49113.59460879277,1.0,0.16855908152315752,0.25,0.3,within,198227.18921758555,500000.0,550000.0,within,261921.29494285097,2147981.400071427,766909.3970254293,7496934.529945427
123.60000000000001,0.44521537933176114,1.745733172062219,-0.3252927169839709,-2.278550298175273,-1.6329834228952862,-1.8402648006332825,1.4979310906613814,0.11436433452764404,-0.25844804600086224,-0.0008497736245374199,0.03359212287346924,-0.13504908075038446,-2.164224727895497,0.029048227503791758,-0.16016717704696354,0.08802746126404806,185506.508708166,185506.508708166,185506.508708166,1.0,1.0,0.3,0.005,0.0,0.0,0.0,0.0,0.0,0.0,0.0,0.0,2000000.0,within,285506.50870816596,99999.99999999999,192753.25435408298,42753.25435408298,1.0,0.16016717704696354,0.25,0.3,within,185506.508708166,500000.0,550000.0,within,257447.32002944456,2150441.419546077,745676.0637503495,7505445.074407697
123.7,0.44792442992832454,1.7464052915429678,-0.3361044363462529,-2.279587381089011,-1.6654021154441228,-1.8170704190221392,1.5390290924367702,0.11321342680015391,-0.2523249763237547,-0.0010619195283680938,0.033603391753998846,-0.1263697734606144,-2.166414519497234,0.02909936445084125,-0.151174925581972,0.09181756803578187,172878.71542003035,172878.71542003035,172878.71542003035,1.0,1.0,0.3,0.005,0.0,0.0,0.0,0.0,0.0,0.0,0.0,0.0,2000000.0,within,272878.71542003035,100000.0,186439.35771001517,36439.357710015174,1.0,0.151174925581972,0.25,0.3,within,172878.71542003035,500000.0,550000.0,within,252062.94313136983,2153567.873152978,722865.7945939187,7515178.052699417
123.80000000000001,0.4491110694590678,1.7470461185960535,-0.3480260117150052,-2.2805615294593466,-1.6931648697239576,-1.7971368070678964,1.5746756644136335,0.11222211578027667,-0.24560308890086396,-0.0012255042147870654,0.03358492498797583,-0.11848595926609737,-2.16838155358455,0.029160954208977883,-0.14196443796689961,0.09239218426566576,160605.94852215805,160605.94852215805,160605.94852215805,1.0,1.0,0.3,0.005,0.0,0.0,0.0,0.0,0.0,0.0,0.0,0.0,2000000.0,within,260605.94852215808,100000.00000000001,180302.97426107904,30302.97426107904,1.0,0.14196443796689961,0.25,0.3,within,160605.94852215805,500000.0,550000.0,within,245953.80217987625,2157572.4638186926,699405.0842796107,7526612.33757876
123.9,0.4487775941254224,1.747658825287477,-0.3609152280592272,-2.281474097365326,-1.7157681263241646,-1.7813542513538392,1.6041233373546417,0.11145452079081242,-0.23849643583502683,-0.001333163993706421,0.033533761825975006,-0.11164154449582654,-2.17006304381908,0.029228820205717043,-0.13280194950157834,0.09085758504075978,148818.38359291517,148818.38359291517,148818.38359291517,1.0,1.0,0.3,0.005,0.0,0.0,0.0,0.0,0.0,0.0,0.0,0.0,2000000.0,within,248818.38359291514,99999.99999999999,174409.19179645757,24409.19179645757,1.0,0.13280194950157834,0.25,0.3,within,148818.38359291517,500000.0,550000.0,within,239212.55139697064,2162475.9080202105,675802.9680684044,7539717.170159727
124.0,0.4469233630435137,1.7481849834043814,-0.3746238392499046,-2.2822462629316957,-1.7327826316097716,-1.7721948477257699,1.6268476510618342,0.11089126529461468,-0.23111944131765444,-0.0013830765259257305,0.03345705969162305,-0.10593173698136835,-2.171399506094057,0.02930775456428869,-0.1238384986064196,0.08841143286241515,137475.85884697456,137475.85884697456,137475.85884697456,1.0,1.0,0.3,0.005,0.0,0.0,0.0,0.0,0.0,0.0,0.0,0.0,2000000.0,within,237475.85884697456,100000.0,168737.92942348728,18737.92942348728,1.0,0.1238384986064196,0.25,0.3,within,137475.85884697456,500000.0,550000.0,within,231919.37561977055,2167881.0036154212,652357.1854757622,7553525.5439693965
124.10000000000001,0.4435576479779001,1.748587941441745,-0.3890004270165471,-2.282828196341322,-1.743875195747871,-1.7730081900197372,1.6425377279021631,0.1105343494493099,-0.22350650480171194,-0.0013761948402191138,0.03335507456654563,-0.10133422452672133,-2.1723390916157097,0.029396116725042006,-0.11513018808745848,0.085754777516807,126512.22003106753,126512.22003106753,126512.22003106753,1.0,1.0,0.3,0.005,0.0,0.0,0.0,0.0,0.0,0.0,0.0,0.0,2000000.0,within,226512.2200310675,99999.99999999999,163256.11001553375,13256.110015533748,1.0,0.11513018808745848,0.25,0.3,within,126512.22003106753,500000.0,550000.0,within,224077.48945254931,2173691.850019145,629047.4742715722,7567757.789955635
124.2,0.43874531254617166,1.7489070101614728,-0.4038922855935203,-2.2832700863425828,-1.7488338100608125,-1.7847763225112117,1.6510915815166347,0.11043450280804386,-0.21567068379156915,-0.0013171984729538622,0.03322289332990547,-0.09773898189357581,-2.172881273235221,0.029486401735892228,-0.10669719544009111,0.08290507543054065,115950.61015379585,115950.61015379585,115950.61015379585,1.0,1.0,0.3,0.005,0.0,0.0,0.0,0.0,0.0,0.0,0.0,0.0,2000000.0,within,215950.61015379586,100000.0,157975.30507689793,7975.30507689793,1.0,0.10669719544009111,0.25,0.3,within,115950.61015379585,500000.0,550000.0,within,215701.90740367406,2180113.1460737865,605772.03412973,7582873.830913791
124.30000000000001,0.4325999099594151,1.7491563954750569,-0.4191473963840861,-2.2835900022619775,-1.7475729154987167,-1.8063032625837807,1.6526100033583575,0.1105402373689792,-0.20761564660881324,-0.0012152147301804916,0.03306809485246953,-0.09495966161714191,-2.1730955917983463,0.029580138279150108,-0.09853615241504615,0.08031578507035889,105695.89143277286,105695.89143277286,105695.89143277286,1.0,1.0,0.3,0.005,0.0,0.0,0.0,0.0,0.0,0.0,0.0,0.0,2000000.0,within,205695.89143277286,100000.0,152847.94571638643,2847.945716386428,1.0,0.09853615241504615,0.25,0.3,within,105695.89143277286,500000.0,550000.0,within,206868.33720509167,2186942.051118766,582471.5733822112,7598502.969826793
124.4,0.42524347968114967,1.7493219762858072,-0.4346146310548341,-2.2837696221534944,-1.7401212518233127,-1.8372730177713457,1.647352079299856,0.1108623350627877,-0.19931337218464168,-0.0010786883987421447,0.03289961505984351,-0.09276591695801935,-2.1729529615437557,0.029681674155924723,-0.0906009503374373,0.07838825648181821,95606.9304080373,95606.9304080373,95606.9304080373,1.0,1.0,0.3,0.005,0.0,0.0,0.0,0.0,0.0,0.0,0.0,0.0,2000000.0,within,197803.46520401863,102196.53479598135,150000.0,0.0,0.0,0.0906009503374373,0.25,0.3,within,95606.9304080373,500000.0,550000.0,within,197551.63684682173,2193756.8965805583,558805.6685879367,7613660.610319564
124.5,0.4168256293478734,1.7494211344176371,-0.45014614057093294,-2.2838325000631934,-1.7266255192604658,-1.8765370075345411,1.6357161633774078,0.11139060658217292,-0.19073166575523864,-0.0009153139746373995,0.032715417566596905,-0.09090609468103396,-2.172487143341078,0.0297835232627847,-0.08283158408536208,0.07699906855968605,85629.20453972445,85629.20453972445,85629.20453972445,1.0,1.0,0.3,0.005,0.0,0.0,0.0,0.0,0.0,0.0,0.0,0.0,2000000.0,within,192814.60226986223,107185.39773013777,150000.0,0.0,0.0,0.08283158408536208,0.25,0.3,within,85629.20453972445,500000.0,550000.0,within,187660.26444904495,2200698.3557222765,534258.2408230132,7628704.870406642
124.60000000000001,0.4075434545010536,1.749515586633536,-0.4655986495345944,-2.283860819776178,-1.7073479702594145,-1.9201752023810623,1.6182356981988752,0.11210895684677848,-0.18186098331687656,-0.0007380677195243379,0.03251734960233987,-0.08910900550327737,-2.171796439007332,0.029880518207084282,-0.07518126833558243,0.07600724643590663,75729.1521747712,75729.1521747712,75729.1521747712,1.0,1.0,0.3,0.005,0.0,0.0,0.0,0.0,0.0,0.0,0.0,0.0,2000000.0,within,187864.5760873856,112135.42391261441,150000.0,0.0,0.0,0.07518126833558243,0.25,0.3,within,75729.1521747712,500000.0,550000.0,within,177291.56844612176,2207850.6555482456,508714.1402996916,7643946.397166162
124.7,0.39762089697556163,1.7496739661831484,-0.4808325249410157,-2.2839463071996544,-1.6826420394450972,-1.9626768354600141,1.5955402375414283,0.11300538878133692,-0.1727053051413118,-0.0005599496785322344,0.03231913160737543,-0.08709853087538284,-2.1709846017979775,0.029978877891597998,-0.06761003221493483,0.07541747597704536,65853.07458728863,65853.07458728863,65853.07458728863,1.0,1.0,0.3,0.005,0.0,0.0,0.0,0.0,0.0,0.0,0.0,0.0,2000000.0,within,182926.53729364433,117073.46270635568,150000.0,0.0,0.0,0.06761003221493483,0.25,0.3,within,65853.07458728863,500000.0,550000.0,within,166535.79332701297,2214810.204929454,482036.15906869737,7658604.964627802
124.80000000000001,0.3872519193088272,1.7499167967132265,-0.4957164740381906,-2.2841181627844143,-1.652935712914518,-2.0002862741167973,1.5683120765580265,0.1140247013511847,-0.16324398356408845,-0.0003875036756042505,0.03212764285545866,-0.08462036478842248,-2.1701360503220153,0.030078946744628327,-0.060049594871405154,0.0757912708935479,55798.53831052893,55798.53831052893,55798.53831052893,1.0,1.0,0.3,0.005,0.0,0.0,0.0,0.0,0.0,0.0,0.0,0.0,2000000.0,within,177899.26915526445,122100.73084473553,150000.0,0.0,0.0,0.060049594871405154,0.25,0.3,within,55798.53831052893,500000.0,550000.0,within,155248.8944453382,2221427.8792972025,453586.8179955532,7672449.070695901
124.9,0.3765917585566446,1.7502088282721189,-0.5101261091363785,-2.2843329177941847,-1.6187079492335026,-2.0314902339630754,1.537252249257638,0.1151835168729138,-0.15344084615773773,-0.00022835029687939823,0.03193735542404941,-0.08145243063582715,-2.169190739853548,0.030171682715082023,-0.05241484247102485,0.0769037771140576,45498.16389792499,45498.16389792499,45498.16389792499,1.0,1.0,0.3,0.005,0.0,0.0,0.0,0.0,0.0,0.0,0.0,0.0,2000000.0,within,172749.0819489625,127250.9180510375,150000.0,0.0,0.0,0.05241484247102485,0.25,0.3,within,45498.16389792499,500000.0,550000.0,within,143384.83349986596,2227836.310266086,422988.8681835224,7685703.144004926
125.0,0.36579348710631016,1.7504868502705488,-0.5239352025449973,-2.2845106482071893,-1.580456436902865,-2.054933447290213,1.5030406612895146,0.11644348010566045,-0.1432901027159017,-9.400510628410075e-05,0.03175054267982036,-0.07741251324239853,-2.168107126109845,0.030254717878224497,-0.04465251843870652,0.07834270353230899,34964.11089161451,34964.11089161451,34964.11089161451,1.0,1.0,0.3,0.005,0.0,0.0,0.0,0.0,0.0,0.0,0.0,0.0,2000000.0,within,167482.05544580726,132517.94455419274,150000.0,0.0,0.0,0.04465251843870652,0.25,0.3,within,34964.11089161451,500000.0,550000.0,within,131126.03250270724,2233872.1207178943,390428.21727292665,7697948.391446445
125.10000000000001,0.35501071210262325,1.7507540169582423,-0.5370226799692405,-2.2846583307128925,-1.538705920871149,-2.068642257969788,1.466322072531101,0.1177641751685586,-0.13281429398222333,9.946155550721869e-06,0.031577014931462255,-0.07238059961838245,-2.166932624852661,0.03033361402582768,-0.03674015078710853,0.07990464949965081,24207.396398036806,24207.396398036806,24207.396398036806,1.0,1.0,0.3,0.005,0.0,0.0,0.0,0.0,0.0,0.0,0.0,0.0,2000000.0,within,162103.6981990184,137896.3018009816,150000.0,0.0,0.0,0.03674015078710853,0.25,0.3,within,24207.396398036806,500000.0,550000.0,within,118509.01114406633,2239202.7539446093,355839.14379338064,7708494.990383115
125.2,0.34439882943498373,1.7510908881637557,-0.549272946934361,-2.284884161838809,-1.4939955839193257,-2.069785478901001,1.4276997024546836,0.11914764021236626,-0.12206271450196561,8.21421524364041e-05,0.03141810249557686,-0.06629265251686986,-2.1657734300037417,0.030406532446813538,-0.02868492139787969,0.08119993828492597,13315.435847199702,13315.435847199702,13315.435847199702,1.0,1.0,0.3,0.005,0.0,0.0,0.0,0.0,0.0,0.0,0.0,0.0,2000000.0,within,156657.71792359985,143342.28207640015,150000.0,0.0,0.0,0.02868492139787969,0.25,0.3,within,13315.435847199702,500000.0,550000.0,within,105485.511142132,2243947.0317368396,319034.1541698504,7717741.15152172
125.30000000000001,0.33407832592310704,1.751496068921787,-0.5605724909752803,-2.2851890520783744,-1.4468480019590257,-2.057463766446505,1.3877257682330397,0.12055259774793532,-0.11108804442544704,0.00011713932631352009,0.0312718608409428,-0.05911903241908018,-2.164671748202989,0.03046857187922336,-0.020500958389934404,0.08247932187397955,2256.7279589012123,2256.7279589012123,2256.7279589012123,1.0,1.0,0.3,0.005,0.0,0.0,0.0,0.0,0.0,0.0,0.0,0.0,2000000.0,within,151128.3639794506,148871.6360205494,150000.0,0.0,0.0,0.020500958389934404,0.25,0.3,within,2256.7279589012123,500000.0,550000.0,within,92234.59166710962,2248255.6610254175,280379.6070610471,7726077.9762650365
125.4,0.32412933512949804,1.7519185248722455,-0.5708161142025955,-2.285508935907166,-1.3977761482409332,-2.032630198119138,1.3468962416055326,0.12198888755063984,-0.09993821518585434,0.00011299050134283561,0.031141741675392076,-0.05087673969548222,-2.1635537052468212,0.030522608251236972,-0.012201567837064484,0.08350848918341908,-8904.301032774989,-8904.301032774989,8904.301032774989,1.0,1.0,0.3,0.005,0.0,0.0,0.0,0.0,0.0,0.0,0.0,0.0,2000000.0,within,145547.84948361252,154452.15051638748,150000.0,0.0,0.0,0.012201567837064484,0.25,0.3,within,8904.301032774989,500000.0,550000.0,within,78865.65506509565,2251862.8431259496,240142.60712742514,7732816.383151652
125.5,0.31461099381445845,1.7523957745353915,-0.5799081246164438,-2.285895382563224,-1.3472820456039174,-1.9968785923212453,1.3056455463231065,0.12342462676775826,-0.08866102228598291,7.44030645876137e-05,0.031029930525972915,-0.04163337439566626,-2.16250276812704,0.03057076013340499,-0.003804216742853972,0.08443853270079127,-20174.813180607303,-20174.813180607303,20174.813180607303,1.0,1.0,0.3,0.005,0.0,0.0,0.0,0.0,0.0,0.0,0.0,0.0,2000000.0,within,139912.59340969636,160087.40659030364,150000.0,0.0,0.0,0.003804216742853972,0.25,0.3,within,20174.813180607303,500000.0,550000.0,within,65292.814722791794,2254814.2762745004,198213.21233513474,7738162.048728531
125.60000000000001,0.305540070517308,1.7529991525394903,-0.5877665078957005,-2.286444022586932,-1.295859263544867,-1.9537840822569565,1.2643661866170908,0.1248455462208257,-0.0772861431145391,3.005698047786609e-06,0.03093343004370741,-0.0314900016397318,-2.161628854226478,0.030611861336616968,0.00468881946864963,0.08542219152928085,-31582.352745489974,-31582.352745489974,31582.352745489974,1.0,1.0,0.3,0.005,0.0,0.0,0.0,0.0,0.0,0.0,0.0,0.0,2000000.0,within,134208.823627255,165791.176372745,150000.0,0.0,0.0,0.00468881946864963,0.25,0.3,within,31582.352745489974,500000.0,550000.0,within,51613.98192983356,2257415.969633284,154936.26459424023,7742938.943671389
125.7,0.29692978424171024,1.753745761098634,-0.5943156989701539,-2.2871794091716904,-1.2439764759252399,-1.9069620267480338,1.2233981760380492,0.12627111810982924,-0.0658696628171409,-0.00010150017802601496,0.03085154355883768,-0.02057527985424139,-2.160937066754848,0.03064729981874929,0.013245193075663256,0.08570528061099174,-42933.38372309013,-42933.38372309013,42933.38372309013,1.0,1.0,0.3,0.005,0.0,0.0,0.0,0.0,0.0,0.0,0.0,0.0,2000000.0,within,128533.30813845493,171466.69186154506,150000.0,0.0,0.0,0.013245193075663256,0.25,0.3,within,42933.38372309013,500000.0,550000.0,within,38053.041871247566,2259705.4567087837,110974.05002728636,7747237.8070026785
125.80000000000001,0.28881031804770324,1.7546133065235967,-0.5994789011884578,-2.2880743544250626,-1.1920586422609056,-1.8600052140811452,1.1830201647459442,0.1276562924473494,-0.05450108368125946,-0.00023452526191647394,0.030786607012227574,-0.009035519620145432,-2.16044527089246,0.03067966853488856,0.021794855241725974,0.0852879627102628,-54135.47420214714,-54135.47420214714,54135.47420214714,1.0,1.0,0.3,0.005,0.0,0.0,0.0,0.0,0.0,0.0,0.0,0.0,2000000.0,within,122932.26289892643,177067.73710107358,150000.0,0.0,0.0,0.021794855241725974,0.25,0.3,within,54135.47420214714,500000.0,550000.0,within,24658.374195973287,2261614.355172607,66615.7198689809,7750926.793561523
125.9,0.28119538424744206,1.7555445272920722,-0.6031914470909678,-2.2890559072620986,-1.1405220354141858,-1.8180155684154709,1.1435100661596405,0.1290081896964093,-0.04325196640853106,-0.00039008101143878093,0.030736257578086512,0.0029909210766973673,-2.1600734100057406,0.030708191845792713,0.030285647281980146,0.0845278780948205,-65191.30277219418,-65191.30277219418,65191.30277219418,1.0,1.0,0.3,0.005,0.0,0.0,0.0,0.0,0.0,0.0,0.0,0.0,2000000.0,within,117404.34861390291,182595.6513860971,150000.0,0.0,0.0,0.030285647281980146,0.25,0.3,within,65191.30277219418,500000.0,550000.0,within,11406.74779690249,2263109.9883672437,21979.50125175852,7753833.727902087
126.0,0.27408284132300814,1.756423574451442,-0.6054113295633512,-2.2899746835758723,-1.0898086894810486,-1.7866516833701827,1.105195390374771,0.13031235994289028,-0.0321704789263452,-0.0005660738406660926,0.030695152038688445,0.015389518881247006,-2.159686561341487,0.030729227176546386,0.03869226578704554,0.08360449200648747,-76103.3619812139,-76103.3619812139,76103.3619812139,1.0,1.0,0.3,0.005,0.0,0.0,0.0,0.0,0.0,0.0,0.0,0.0,2000000.0,within,111948.31900939305,188051.68099060695,150000.0,0.0,0.0,0.03869226578704554,0.25,0.3,within,76103.3619812139,500000.0,550000.0,within,-1601.2650239051509,2264194.231293625,-22567.192191817434,7755796.56485492
126.10000000000001,0.2674723376311864,1.7571814798904972,-0.606118958266869,-2.290742671016969,-1.0403930928763039,-1.7715422972402315,1.0684538185845536,0.13155051593561023,-0.021287909478912535,-0.0007601420583753793,0.030661419313734672,0.0280634673315914,-2.1592150119806286,0.030742804023457262,0.04700978963408957,0.0827459849343932,-86910.79204489315,-86910.79204489315,86910.79204489315,1.0,1.0,0.3,0.005,0.0,0.0,0.0,0.0,0.0,0.0,0.0,0.0,2000000.0,within,106544.60397755343,193455.39602244657,150000.0,0.0,0.0,0.04700978963408957,0.25,0.3,within,86910.79204489315,500000.0,550000.0,within,-14305.419283639723,2264830.8279335718,-66769.51564273858,7756647.8218657095
126.2,0.2614072484896938,1.757825500462371,-0.6053199146580297,-2.2913716035973537,-0.9928024250872872,-1.7752592600032056,1.0337366887931012,0.13271010720767545,-0.010652957718928598,-0.0009689716804714976,0.030636476662904588,0.040936926288254176,-2.158683061718199,0.03075113656011047,0.055221028507261266,0.0814787925290409,-97496.18887640933,-97496.18887640933,97496.18887640933,1.0,1.0,0.3,0.005,0.0,0.0,0.0,0.0,0.0,0.0,0.0,0.0,2000000.0,within,101251.90556179534,198748.09443820466,150000.0,0.0,0.0,0.055221028507261266,0.25,0.3,within,97496.18887640933,500000.0,550000.0,within,-26719.76271135333,2265000.4059921997,-110565.6194672556,7756373.855658544
126.30000000000001,0.2559671581333525,1.7583326805645538,-0.6030467041104893,-2.291833941409118,-0.9476197163759735,-1.7976329862130653,1.0015905378922463,0.13375306224878236,-0.00032799693868131296,-0.0011940226880327032,0.030620797758342366,0.053973403063832054,-2.1581012559524155,0.030753787205915588,0.06330176458725711,0.08013592907087604,-107894.18781037087,-107894.18781037087,107894.18781037087,1.0,1.0,0.3,0.005,0.0,0.0,0.0,0.0,0.0,0.0,0.0,0.0,2000000.0,within,100000.0,207894.18781037087,153947.09390518544,3947.0939051854366,1.0,0.06330176458725711,0.25,0.3,within,107894.18781037087,500000.0,550000.0,within,-38723.25028075474,2264700.4736747323,-153638.18279273045,7754982.054680979
126.4,0.25122859824582444,1.7586647594559663,-0.5993562934601824,-2.2920822502951714,-0.9054612637316937,-1.8389440801898669,0.972626494077286,0.1346856345740085,0.009649054035974828,-0.0014368184096440473,0.030612945029874883,0.06716773159277166,-2.1574159288533425,0.030749227914076218,0.07125674384486143,0.07896365608121039,-118160.30583247545,-118160.30583247545,118160.30583247545,1.0,1.0,0.3,0.005,0.0,0.0,0.0,0.0,0.0,0.0,0.0,0.0,2000000.0,within,99999.99999999999,218160.30583247542,159080.1529162377,9080.152916237712,1.0,0.07125674384486143,0.25,0.3,within,118160.30583247545,500000.0,550000.0,within,-50243.65780455759,2263903.0031166,-195818.33510830297,7752343.224387275
126.5,0.2473034287644201,1.7588371521680006,-0.5943281818952983,-2.2921392341654023,-0.8669679700202612,-1.8969069973144075,0.9474994105100023,0.1354729509681584,0.019226278910913965,-0.0016970534167839446,0.03061386776952002,0.08053386351109672,-2.15668467302284,0.0307368009141651,0.07907976736110912,0.0774968142437433,-128193.32850642898,-128193.32850642898,128193.32850642898,1.0,1.0,0.3,0.005,0.0,0.0,0.0,0.0,0.0,0.0,0.0,0.0,2000000.0,within,100000.0,228193.32850642898,164096.6642532145,14096.66425321449,1.0,0.07907976736110912,0.25,0.3,within,128193.32850642898,500000.0,550000.0,within,-61316.68768894032,2262662.9036346115,-237203.59928550114,7748651.881511373
126.60000000000001,0.24434980927816188,1.7589165656051642,-0.5880630801952045,-2.2920945401476107,-0.8327901794783471,-1.9653258780685718,0.9269075890779487,0.13609013700867686,0.028328248278871676,-0.0019799580807386974,0.030628546714988936,0.09411975837718899,-2.156022027564411,0.0307181954347168,0.08674415639717857,0.0757909664776454,-137969.1524808211,-137969.1524808211,137969.1524808211,1.0,1.0,0.3,0.005,0.0,0.0,0.0,0.0,0.0,0.0,0.0,0.0,2000000.0,within,100000.00000000001,237969.15248082113,168984.57624041056,18984.576240410563,1.0,0.08674415639717857,0.25,0.3,within,137969.1524808211,500000.0,550000.0,within,-71802.30129353928,2260959.9749757294,-277537.9884541982,7744003.720843541
126.7,0.24254033469656777,1.7589796861228202,-0.5806766782661517,-2.2920506460404226,-0.8035457009966623,-2.0362363551916838,0.9115375477037534,0.1365280842733325,0.03687511509279666,-0.002292744852930184,0.030661909828579414,0.10799412763038016,-2.1555395970406748,0.030694450303182075,0.0942179918985137,0.0736857435490573,-147413.5707568658,-147413.5707568658,147413.5707568658,1.0,1.0,0.3,0.005,0.0,0.0,0.0,0.0,0.0,0.0,0.0,0.0,2000000.0,within,99999.99999999999,247413.57075686578,173706.7853784329,23706.78537843289,1.0,0.0942179918985137,0.25,0.3,within,147413.5707568658,500000.0,550000.0,within,-81511.62618449364,2258771.4034041334,-316481.2120384301,7738484.9406332215
126.80000000000001,0.2420282394357632,1.7590780169400835,-0.5722937725359403,-2.2920768068256,-0.7797773580653637,-2.1020572065570278,0.9019967081804977,0.13674813703009386,0.044800422384580915,-0.002637027914488499,0.03071630027738026,0.1222215707223817,-2.1553453039504533,0.030664195082099794,0.10147722293795708,0.07149887723981042,-156558.3824670817,-156558.3824670817,156558.3824670817,1.0,1.0,0.3,0.005,0.0,0.0,0.0,0.0,0.0,0.0,0.0,0.0,2000000.0,within,100000.0,256558.3824670817,178279.19123354086,28279.191233540856,1.0,0.10147722293795708,0.25,0.3,within,156558.3824670817,500000.0,550000.0,within,-90483.26534352876,2256176.473189732,-354199.73198723537,7732406.922273388
126.9,0.2429169621433007,1.7592053592628414,-0.5630441285182716,-2.2921665132426443,-0.7619208123271406,-2.1574545209744214,0.8987646777746233,0.13674950680778444,0.052058601488928526,-0.0030149072677474464,0.030793169728152492,0.13684603525351413,-2.1554334406358477,0.030626746143543472,0.10850976375387639,0.06915193907857584,-165371.9487118483,-165371.9487118483,165371.9487118483,1.0,1.0,0.3,0.005,0.0,0.0,0.0,0.0,0.0,0.0,0.0,0.0,2000000.0,within,100000.0,265371.9487118483,182685.97435592415,32685.974355924147,1.0,0.10850976375387639,0.25,0.3,within,165371.9487118483,500000.0,550000.0,within,-98701.56290769434,2253105.0686110524,-390712.47878499795,7725604.871902583
127.0,0.24526090393908362,1.7593042725948342,-0.553054088457256,-2.292245826660393,-0.7502717450283823,-2.199573832840273,0.9021394105038345,0.1365155747474945,0.05860573118039638,-0.0034315614261117844,0.03089357477675181,0.15186979480463866,-2.155746694184762,0.03058171400406105,0.11529249423534242,0.06650267055074514,-173795.2992418173,-173795.2992418173,173795.2992418173,1.0,1.0,0.3,0.005,0.0,0.0,0.0,0.0,0.0,0.0,0.0,0.0,2000000.0,within,100000.00000000001,273795.2992418173,186897.64962090866,36897.64962090866,1.0,0.11529249423534242,0.25,0.3,within,173795.2992418173,500000.0,550000.0,within,-105953.58548989418,2249418.81354775,-425543.1540210703,7717696.817137722
127.10000000000001,0.24910442332052798,1.7593816217295088,-0.5424437538262366,-2.2923242096074636,-0.7449826209611896,-2.2251380552070525,0.9121980102443356,0.13605198772286764,0.06435616012990097,-0.0038872059963495076,0.03101701528923284,0.16721748926251614,-2.1562888850068966,0.030527320287948263,0.12174514591929497,0.06255036312830584,-181522.33798014684,-181522.33798014684,181522.33798014684,1.0,1.0,0.3,0.005,0.0,0.0,0.0,0.0,0.0,0.0,0.0,0.0,2000000.0,within,100000.00000000001,281522.33798014687,190761.16899007343,40761.168990073435,1.0,0.12174514591929497,0.25,0.3,within,181522.33798014684,500000.0,550000.0,within,-112106.49144599555,2245144.9107395587,-458299.9985034343,7708748.671994804
127.2,0.25449009832569525,1.7595189036779886,-0.5313247055488101,-2.292507986187476,-0.7460571427950387,-2.2296626153080226,0.9287961803932837,0.13537130298982256,0.06917645726987925,-0.004379007710923588,0.031164982782028616,0.18274111960780814,-2.157153780965213,0.03046336782389792,0.1277242139348948,0.05703099718369035,-188310.8345718155,-188310.8345718155,188310.8345718155,1.0,1.0,0.3,0.005,0.0,0.0,0.0,0.0,0.0,0.0,0.0,0.0,2000000.0,within,100000.0,288310.8345718155,194155.41728590775,44155.41728590775,1.0,0.1277242139348948,0.25,0.3,within,188310.8345718155,500000.0,550000.0,within,-117035.65446326823,2240375.020703509,-488520.22535858693,7699082.221810585
127.30000000000001,0.26139181864933275,1.7597069287768317,-0.5197984031609172,-2.2927845056048444,-0.7533368647202026,-2.2122320668643987,0.9515594722238442,0.1344580527643622,0.07293509340716735,-0.004903349949252345,0.03134062714403596,0.19822468154582348,-2.1583441910132763,0.030392554231182537,0.1330720276363253,0.049925276844920236,-193948.80458994975,-193948.80458994975,193948.80458994975,1.0,1.0,0.3,0.005,0.0,0.0,0.0,0.0,0.0,0.0,0.0,0.0,2000000.0,within,100000.00000000001,293948.8045899498,196974.4022949749,46974.40229497489,1.0,0.1330720276363253,0.25,0.3,within,193948.80458994975,500000.0,550000.0,within,-120537.48745155387,2234981.967347619,-515479.5837622001,7688414.781822706
127.4,0.26971726736364265,1.7598788120099165,-0.5079583516633353,-2.293065263936648,-0.7665170634954319,-2.1751694072202388,0.9798893352665229,0.1333603943380621,0.07550180622037078,-0.005452152510372343,0.03154092420485455,0.21337434776776362,-2.1597234477027154,0.03031394785445455,0.13761653799646395,0.040964930357852786,-198155.48896791926,-198155.48896791926,198155.48896791926,1.0,1.0,0.3,0.005,0.0,0.0,0.0,0.0,0.0,0.0,0.0,0.0,2000000.0,within,100000.0,298155.48896791926,199077.74448395963,49077.74448395963,1.0,0.13761653799646395,0.25,0.3,within,198155.48896791926,500000.0,550000.0,within,-122467.29219035062,2228867.7301061563,-538490.4223465361,7676357.391866804
127.5,0.2793275443439309,1.7600241291531444,-0.49589288256405656,-2.2933349904581544,-0.7851704675618875,-2.122582716028277,1.012989232508507,0.13209589481033085,0.07674353819031432,-0.006012274234393544,0.03175901876070908,0.22782085130593718,-2.1612586964792944,0.030224012584517432,0.14116907872218515,0.03008588415657113,-200669.0334856149,-200669.0334856149,200669.0334856149,1.0,1.0,0.3,0.005,0.0,0.0,0.0,0.0,0.0,0.0,0.0,0.0,2000000.0,within,100000.00000000001,300669.0334856149,200334.51674280746,50334.516742807464,1.0,0.14116907872218515,0.25,0.3,within,200669.0334856149,500000.0,550000.0,within,-122768.1696259646,2222265.1489325613,-556969.6743531631,7663393.455508734
127.60000000000001,0.2900387357693095,1.7601417869165938,-0.4836854157696547,-2.2935901844565296,-0.8087651369302105,-2.0604288770675687,1.0499024962654213,0.13069389048376667,0.07652591091113246,-0.0065719429412069985,0.0319930677565905,0.24113946298795988,-2.16291707818083,0.03012559772596666,0.1435284834038643,0.017102209477011156,-201186.71272951938,-201186.71272951938,201186.71272951938,1.0,1.0,0.3,0.005,0.0,0.0,0.0,0.0,0.0,0.0,0.0,0.0,2000000.0,within,99999.99999999999,301186.71272951935,200593.35636475967,50593.356364759675,1.0,0.1435284834038643,0.25,0.3,within,201186.71272951938,500000.0,550000.0,within,-121234.81525119237,2215197.3479047976,-569932.0152486528,7649534.509916204
127.7,0.3016688935634033,1.760211916876374,-0.47141269997688484,-2.2938025051602122,-0.8366891376430845,-1.9934739481267205,1.0895596595674995,0.12920537747001298,0.07468376235960339,-0.007117545802451275,0.03224225829378069,0.25287264888836225,-2.1646192307258607,0.030022475383362706,0.14445492713882452,0.0014266652221940936,-199274.5096087035,-199274.5096087035,199274.5096087035,1.0,1.0,0.3,0.005,0.0,0.0,0.0,0.0,0.0,0.0,0.0,0.0,2000000.0,within,100000.0,299274.5096087035,199637.25480435175,49637.254804351745,1.0,0.14445492713882452,0.25,0.3,within,199274.5096087035,500000.0,550000.0,within,-117685.03733512753,2207567.942602546,-576403.6992863035,7634465.893066477
127.80000000000001,0.3140447115531554,1.7602351444762327,-0.4591475003040191,-2.2939701368473653,-0.8682804628505577,-1.9251104001642985,1.1308420451602685,0.12764758085978908,0.07104427476600954,-0.007633115312003724,0.03250043837472294,0.2625637366440744,-2.1663460774493557,0.029912337464901257,0.14369749375191743,-0.016575332960335705,-194674.29790148017,-194674.29790148017,194674.29790148017,1.0,1.0,0.3,0.005,0.0,0.0,0.0,0.0,0.0,0.0,0.0,0.0,2000000.0,within,100000.0,294674.29790148017,197337.14895074008,47337.148950740084,1.0,0.14369749375191743,0.25,0.3,within,194674.29790148017,500000.0,550000.0,within,-112036.57945704128,2199602.9886326757,-575636.8968618008,7618672.7220968325
127.9,0.326976277443212,1.7602132144979723,-0.44696141438026055,-2.294092575022849,-0.9028496364628265,-1.8594457138562428,1.1726504406845137,0.12608226446850127,0.06548053007131849,-0.008102653438662344,0.032762476503873206,0.26980298968675315,-2.1680353188716115,0.029795212814211523,0.14105252568472293,-0.03632402838355403,-187233.20096813972,-187233.20096813972,187233.20096813972,1.0,1.0,0.3,0.005,0.0,0.0,0.0,0.0,0.0,0.0,0.0,0.0,2000000.0,within,99999.99999999999,287233.2009681397,193616.60048406984,43616.600484069844,1.0,0.14105252568472293,0.25,0.3,within,187233.20096813972,500000.0,550000.0,within,-104285.58036187943,2191414.826424351,-567118.0059908625,7602330.9919645935
128.0,0.3402455304917214,1.7600857475204932,-0.43492894899113577,-2.2940881535449433,-0.9397083234044467,-1.8020891418137888,1.2139547411856473,0.12452419583391504,0.057930298570443975,-0.00851266062410616,0.03302695504891506,0.2742486365556257,-2.169590480635109,0.02967539013024701,0.13638587833976012,-0.05700891851570243,-176936.24844635918,-176936.24844635918,176936.24844635918,1.0,1.0,0.3,0.005,0.0,0.0,0.0,0.0,0.0,0.0,0.0,0.0,2000000.0,within,100000.0,276936.2484463592,188468.1242231796,38468.12422317959,1.0,0.13638587833976012,0.25,0.3,within,176936.24844635918,500000.0,550000.0,within,-94435.31296026759,2182904.257235214,-550433.2292652542,7585098.621140596
128.1,0.3536267258607145,1.7598190231025999,-0.4231292872823344,-2.293910072025258,-0.9781989669447653,-1.7591953951208554,1.2538409531510866,0.12301022373135463,0.04840120517422144,-0.00885015665685529,0.03328773726503176,0.2756442399998004,-2.170927878413287,0.029553482650341002,0.1296413678433187,-0.07788129141312691,-163859.02001157159,-163859.02001157159,163859.02001157159,1.0,1.0,0.3,0.005,0.0,0.0,0.0,0.0,0.0,0.0,0.0,0.0,2000000.0,within,100000.0,263859.0200115716,181929.5100057858,31929.510005785793,1.0,0.1296413678433187,0.25,0.3,within,163859.02001157159,500000.0,550000.0,within,-82607.52931694954,2174190.5446881186,-525540.5038429674,7567140.829441052
128.20000000000002,0.3669389092429686,1.7594617428446198,-0.41164739317516824,-2.2936193722599607,-1.0177273876649766,-1.7339465242563274,1.2915593603234492,0.12158420031431476,0.03693377080707112,-0.009106145495216822,0.033537475733735445,0.2738342634316813,-2.1720646733249693,0.029427680649920934,0.12080717505123068,-0.09880256442863353,-148013.63092291408,-148013.63092291408,148013.63092291408,1.0,1.0,0.3,0.005,0.0,0.0,0.0,0.0,0.0,0.0,0.0,0.0,2000000.0,within,100000.0,248013.63092291408,174006.81546145704,24006.815461457038,1.0,0.12080717505123068,0.25,0.3,within,148013.63092291408,500000.0,550000.0,within,-68923.06896605657,2165609.30139964,-492520.0525380736,7549233.892723536
128.3,0.3800465089874877,1.759044037761686,-0.4005749294740963,-2.293253161565249,-1.0577805972246073,-1.7264969894815498,1.326574220074925,0.12023913023819068,0.023611374282870874,-0.009277615864000666,0.033777250092539735,0.26879595134645373,-2.1730449351276557,0.02930233403522201,0.10992927688617961,-0.11875539887238755,-129664.23845629588,-129664.23845629588,129664.23845629588,1.0,1.0,0.3,0.005,0.0,0.0,0.0,0.0,0.0,0.0,0.0,0.0,2000000.0,within,100000.0,229664.23845629586,164832.11922814793,14832.11922814793,1.0,0.10992927688617961,0.25,0.3,within,129664.23845629588,500000.0,550000.0,within,-53470.53516204952,2157187.764281617,-451543.19129848946,7531493.400748747
128.4,0.39282738994661043,1.7585739506113516,-0.39000866241725574,-2.2928200179363483,-1.0979265946240944,-1.7368493834538037,1.3585568160837609,0.1190081469919748,0.0085927906998795,-0.009362433942555981,0.0340082961482282,0.2606325890529083,-2.1738440931656338,0.02918252585686777,0.09714349971794578,-0.1369601444922893,-109146.06347024685,-109146.06347024685,109146.06347024685,1.0,1.0,0.3,0.005,0.0,0.0,0.0,0.0,0.0,0.0,0.0,0.0,2000000.0,within,100000.0,209146.06347024685,154573.03173512343,4573.031735123426,1.0,0.09714349971794578,0.25,0.3,within,109146.06347024685,500000.0,550000.0,within,-36508.91019306803,2148833.856289683,-403319.9076966108,7513681.902000451
128.5,0.4051971035787984,1.7580968269591515,-0.3800505392202027,-2.2923776201750274,-1.1378254031098551,-1.76310636920346,1.3874022268823911,0.1178865994815378,-0.007902185623567816,-0.0093609693335992,0.0342253158532797,0.2495792313337014,-2.1745244625571534,0.029065216076145883,0.08266231296460415,-0.15266359057454335,-86890.20773938509,-86890.20773938509,86890.20773938509,1.0,1.0,0.3,0.005,0.0,0.0,0.0,0.0,0.0,0.0,0.0,0.0,2000000.0,within,106554.89613030746,193445.10386969254,150000.0,0.0,0.0,0.08266231296460415,0.25,0.3,within,86890.20773938509,500000.0,550000.0,within,-18408.937337351847,2140871.6347714793,-348974.02970039856,7496605.315790356
128.6,0.41712914528790657,1.7577067481083477,-0.3708049976444668,-2.2920476820497626,-1.1772217387325348,-1.799739619228287,1.4132272722670693,0.11688914263547678,-0.025615888163088553,-0.009282950442241145,0.03442760336248529,0.23600798244108662,-2.175193103139723,0.028950092875406744,0.06675153871084182,-0.165551894500703,-63310.32493918689,-63310.32493918689,63310.32493918689,1.0,1.0,0.3,0.005,0.0,0.0,0.0,0.0,0.0,0.0,0.0,0.0,2000000.0,within,118344.83753040656,181655.16246959346,150000.0,0.0,0.0,0.06675153871084182,0.25,0.3,within,63310.32493918689,500000.0,550000.0,within,625.032882650441,2133506.537273233,-289423.8862295757,7480857.805334486
128.70000000000002,0.42863265422789965,1.757506398129782,-0.3623729709071787,-2.2919634074122577,-1.2159125585621926,-1.8391043839221968,1.4363195554591035,0.116004189759259,-0.044244052035751984,-0.009141428746950453,0.03462395296156018,0.22040948809592883,-2.1759948079721014,0.028844643930172928,0.04973552033219416,-0.17476847307225024,-39005.86496506253,-39005.86496506253,39005.86496506253,1.0,1.0,0.3,0.005,0.0,0.0,0.0,0.0,0.0,0.0,0.0,0.0,2000000.0,within,130497.06751746873,169502.93248253127,150000.0,0.0,0.0,0.04973552033219416,0.25,0.3,within,39005.86496506253,500000.0,550000.0,within,20332.917423154344,2126608.513544083,-225859.2818098422,7466325.184566007
128.8,0.4396943158951409,1.7575321637542114,-0.35484748581412906,-2.292171477610487,-1.253712044837328,-1.8757191495592571,1.4570604968675134,0.11518859728629942,-0.0634097408346773,-0.008946059142537877,0.03481729532840694,0.20335098464418178,-2.1770193999514986,0.028751075359134425,0.032017822403428764,-0.17958548550305742,-14655.101212930776,-14655.101212930776,14655.101212930776,1.0,1.0,0.3,0.005,0.0,0.0,0.0,0.0,0.0,0.0,0.0,0.0,2000000.0,within,142672.44939353463,157327.55060646537,150000.0,0.0,0.0,0.032017822403428764,0.25,0.3,within,14655.101212930776,500000.0,550000.0,within,40186.67772703519,2120202.5277975295,-160167.30271173315,7453174.310797999
128.9,0.45026865971280006,1.7577276688062033,-0.3483044287229767,-2.2925972708298543,-1.290415542024113,-1.907622674735495,1.4758578898619623,0.11447518206632397,-0.08268820754311332,-0.008710541560496665,0.034999925742194904,0.18544492237006582,-2.178159464698153,0.02866335467692317,0.014051661289170542,-0.17973773678210722,9090.681713700034,9090.681713700034,9090.681713700034,1.0,1.0,0.3,0.005,0.0,0.0,0.0,0.0,0.0,0.0,0.0,0.0,2000000.0,within,154545.34085685003,145454.65914314997,150000.0,0.0,0.0,0.014051661289170542,0.25,0.3,within,9090.681713700034,500000.0,550000.0,within,59753.23067695979,2114434.458038746,-94077.10213750601,7441601.043906314
129.0,0.4603162881203544,1.757989904797698,-0.3427964601505705,-2.2931050431353492,-1.3257882464606163,-1.9337614994588754,1.4931001828139678,0.11382566272864453,-0.1016672984726951,-0.008454402306028896,0.03516990206451531,0.16731455149218988,-2.179317542514172,0.02857940477464585,-0.0037236905099875955,-0.17576929920105566,31760.458572378462,31760.458572378462,31760.458572378462,1.0,1.0,0.3,0.005,0.0,0.0,0.0,0.0,0.0,0.0,0.0,0.0,2000000.0,within,165880.22928618922,134119.77071381078,150000.0,0.0,0.0,0.0037236905099875955,0.25,0.3,within,31760.458572378462,500000.0,550000.0,within,78825.52376743127,2109225.4318938646,-28822.57306089287,7431307.822466086
129.1,0.46980865327942983,1.7582850354513366,-0.33836375532362145,-2.293649405280691,-1.359599436514534,-1.9524963036668446,1.509132926004236,0.11322541689543286,-0.11996560209829958,-0.008191873595492893,0.03533210581922841,0.1495361430776492,-2.1804628763515552,0.028504064071232113,-0.020902697508404552,-0.1678108407672837,52845.05612353446,52845.05612353446,52845.05612353446,1.0,1.0,0.3,0.005,0.0,0.0,0.0,0.0,0.0,0.0,0.0,0.0,2000000.0,within,176422.52806176723,123577.47193823277,150000.0,0.0,0.0,0.020902697508404552,0.25,0.3,within,52845.05612353446,500000.0,550000.0,within,97052.1890495806,2104320.670945882,34095.57372217474,7421683.493445033
129.20000000000002,0.4787309646425666,1.7586644091531565,-0.3350333856703578,-2.2942962761557077,-1.3916203379205416,-1.9613060311212593,1.5242383784344362,0.11267688080006953,-0.13724767451604347,-0.00793374078302378,0.03548632977054611,0.13262073031249916,-2.1816589630713517,0.028436799546930125,-0.037130210406506964,-0.1567394171947645,72051.08843452581,72051.08843452581,72051.08843452581,1.0,1.0,0.3,0.005,0.0,0.0,0.0,0.0,0.0,0.0,0.0,0.0,2000000.0,within,186025.5442172629,113974.45578273709,150000.0,0.0,0.0,0.037130210406506964,0.25,0.3,within,72051.08843452581,500000.0,550000.0,within,114044.83115252509,2099833.174645528,93173.70768628898,7413060.552136322
129.3,0.4870466883931663,1.7591030078509815,-0.3328149247551588,-2.295011670494786,-1.4216027434933485,-1.9595484487758683,1.5386020854761029,0.11214175235077602,-0.15322261856502378,-0.007694516321322453,0.035629463943300355,0.11700206366403924,-2.1829101158450404,0.028373997202556425,-0.052102378532811355,-0.14270394533132288,89007.25598855928,89007.25598855928,89007.25598855928,1.0,1.0,0.3,0.005,0.0,0.0,0.0,0.0,0.0,0.0,0.0,0.0,2000000.0,within,194503.62799427964,105496.37200572036,150000.0,0.0,0.0,0.052102378532811355,0.25,0.3,within,89007.25598855928,500000.0,550000.0,within,129697.97610901477,2095900.151122994,147640.00616394577,7405753.031909746
129.4,0.49469415857395144,1.7595222864456113,-0.3317064948797892,-2.2956916151425917,-1.4492988037256502,-1.9482405357221868,1.552303456434366,0.11166513904372596,-0.1676476633976105,-0.00748339136404752,0.03576144804827841,0.1030074038489969,-2.1840672754816866,0.028317753790891034,-0.06557088722436279,-0.12666622849970544,103578.14409508367,103578.14409508367,103578.14409508367,1.0,1.0,0.3,0.005,0.0,0.0,0.0,0.0,0.0,0.0,0.0,0.0,2000000.0,within,203578.1440950837,100000.00000000001,151789.07204754185,1789.0720475418493,1.0,0.06557088722436279,0.25,0.3,within,103578.14409508367,500000.0,550000.0,within,143858.475099526,2092279.2107343818,196746.6042947669,7399031.871958122
129.5,0.5016078400092089,1.7599254398236772,-0.3316957105520491,-2.2963389975109907,-1.4744706569980264,-1.9287718008714807,1.5653044012002209,0.11121125755910748,-0.18034616871598505,-0.007301707466524476,0.03588222208386327,0.09083652038946151,-2.185169099909386,0.028268952007582806,-0.07736175537460098,-0.10915113450505864,115639.07125446874,115639.07125446874,115639.07125446874,1.0,1.0,0.3,0.005,0.0,0.0,0.0,0.0,0.0,0.0,0.0,0.0,2000000.0,within,215639.07125446876,100000.0,157819.53562723438,7819.535627234378,1.0,0.07736175537460098,0.25,0.3,within,115639.07125446874,500000.0,550000.0,within,156254.2268947248,2089036.3809704497,239635.10038463637,7393093.271902978
129.6,0.5076974121647172,1.760345381983168,-0.3327629869990846,-2.2969956401968683,-1.4968990662540043,-1.904284400308587,1.5774751096230124,0.11078397222710168,-0.1911885275808319,-0.007152097393827717,0.03598880270598359,0.08057884014310321,-2.1862535439996558,0.028227117731433347,-0.08735443850233617,-0.09070252804964504,125139.69169199644,125139.69169199644,125139.69169199644,1.0,1.0,0.3,0.005,0.0,0.0,0.0,0.0,0.0,0.0,0.0,0.0,2000000.0,within,225139.6916919964,99999.99999999999,162569.8458459982,12569.845845998207,1.0,0.08735443850233617,0.25,0.3,within,125139.69169199644,500000.0,550000.0,within,166848.45332231972,2086358.8468110522,276112.54374864546,7388405.169346921
129.70000000000002,0.5128866613153917,1.760780374320353,-0.33487914035000776,-2.2976581881682643,-1.5163886307416814,-1.8770015462622056,1.5885989632609274,0.11042968470054919,-0.20013597899349608,-0.007036971950974191,0.036079587009988145,0.07221314759107059,-2.1872708593556918,0.028193426902657834,-0.09552529842903407,-0.07271467048431329,132327.65528217133,132327.65528217133,132327.65528217133,1.0,1.0,0.3,0.005,0.0,0.0,0.0,0.0,0.0,0.0,0.0,0.0,2000000.0,within,232327.65528217133,100000.0,166163.82764108566,16163.827641085663,1.0,0.09552529842903407,0.25,0.3,within,132327.65528217133,500000.0,550000.0,within,175776.8806852206,2084231.9345362796,306510.46223409165,7384873.243982267
129.8,0.517132675801375,1.7612329975955578,-0.33800232415733444,-2.2983290473601485,-1.5327665701585858,-1.8474482670651904,1.5983889850941952,0.11010712118200223,-0.20723641631835835,-0.006951182458280414,0.03615536477748371,0.06562524379204072,-2.1882646967450805,0.028168761783066366,-0.10194226329456571,-0.05562462682631955,137380.04017307438,137380.04017307438,137380.04017307438,1.0,1.0,0.3,0.005,0.0,0.0,0.0,0.0,0.0,0.0,0.0,0.0,2000000.0,within,237380.04017307435,99999.99999999999,168690.02008653717,18690.020086537173,1.0,0.10194226329456571,0.25,0.3,within,137380.04017307438,500000.0,550000.0,within,183011.7231337917,2082694.3202065,330907.06386053574,7382638.307336938
129.9,0.5203878028025993,1.7616931876669437,-0.3420841748587005,-2.2989942712913245,-1.545894834576931,-1.8169757197778302,1.6065351956298475,0.10985631157457035,-0.21256840469497695,-0.006887769915159936,0.03621480184176029,0.06064320113822102,-2.1891810801639293,0.028153811763019822,-0.1067055388895532,-0.039640885073430276,140470.81560787998,140470.81560787998,140470.81560787998,1.0,1.0,0.3,0.005,0.0,0.0,0.0,0.0,0.0,0.0,0.0,0.0,2000000.0,within,240470.81560788,100000.00000000001,170235.40780394,20235.407803940005,1.0,0.1067055388895532,0.25,0.3,within,140470.81560787998,500000.0,550000.0,within,188544.30224801198,2081713.1399240117,349494.6868063171,7381559.901566472
130.0,0.5225944865052337,1.7620896483053927,-0.347072091279749,-2.299560073528016,-1.555676634437424,-1.7880051105774541,1.612739138369551,0.10967302781873502,-0.21622492305030755,-0.006841648339189987,0.036254761950700765,0.057065352446333276,-2.1899304348217785,0.028147235038623406,-0.10992894033523169,-0.02482714384013942,141762.95726951744,141762.95726951744,141762.95726951744,1.0,1.0,0.3,0.005,0.0,0.0,0.0,0.0,0.0,0.0,0.0,0.0,2000000.0,within,241762.95726951747,100000.00000000001,170881.47863475874,20881.478634758736,1.0,0.10992894033523169,0.25,0.3,within,141762.95726951744,500000.0,550000.0,within,192493.1703852946,2081272.4383529825,362788.586272102,7381491.745071938
130.1,0.523698014907047,1.7623913475675683,-0.352906727593014,-2.2999855139704133,-1.5620541600830642,-1.763869826218662,1.6167180528437013,0.10956508211573433,-0.218307742659659,-0.006805937649630778,0.03627210473744613,0.05466674731627812,-2.1904639971365834,0.02814798644080337,-0.11173397931166641,-0.01127363568855495,141434.90708809436,141434.90708809436,141434.90708809436,1.0,1.0,0.3,0.005,0.0,0.0,0.0,0.0,0.0,0.0,0.0,0.0,2000000.0,within,241434.9070880944,100000.00000000001,170717.4535440472,20717.453544047195,1.0,0.11173397931166641,0.25,0.3,within,141434.90708809436,500000.0,550000.0,within,194940.0703877345,2081423.4872950816,371249.88771778974,7382489.1085463045
130.20000000000002,0.523684205816001,1.7626347175765122,-0.35952312261202435,-2.3003181394100274,-1.5650223898688889,-1.7461359507343042,1.6182372517065016,0.10955515727852357,-0.21894837796146543,-0.006771945707114924,0.03626693313027474,0.0532177212958377,-2.190806628068831,0.028157144161088814,-0.11226855452487917,0.0005821314242990881,139769.3929469644,139769.3929469644,139769.3929469644,1.0,1.0,0.3,0.005,0.0,0.0,0.0,0.0,0.0,0.0,0.0,0.0,2000000.0,within,239769.39294696436,99999.99999999999,169884.69647348218,19884.69647348218,1.0,0.11226855452487917,0.25,0.3,within,139769.3929469644,500000.0,550000.0,within,195898.6740017248,2082202.828105806,375192.365715908,7384664.845945438
130.3,0.5225690956140013,1.762816759994359,-0.36685252669895047,-2.300554246178345,-1.5646320532856899,-1.7351268393432566,1.6171468691572155,0.10960928245705574,-0.2182921158461927,-0.006735864167794148,0.036241541493405194,0.05251767744364202,-2.1909885735698955,0.02817585499725896,-0.11168841547197178,0.011020649633848276,136915.9057552168,136915.9057552168,136915.9057552168,1.0,1.0,0.3,0.005,0.0,0.0,0.0,0.0,0.0,0.0,0.0,0.0,2000000.0,within,236915.90575521684,100000.00000000001,168457.95287760842,18457.95287760842,1.0,0.11168841547197178,0.25,0.3,within,136915.9057552168,500000.0,550000.0,within,195539.23151850258,2083564.1602861148,375246.27697012736,7387952.0529213995
130.4,0.5203618251017413,1.7629098573770277,-0.374822118313335,-2.3006581926201997,-1.5609793407137436,-1.733074353369935,1.6133712924048866,0.1097701431081724,-0.2164544618998695,-0.006692916077035704,0.0361945887049524,0.05239481497547344,-2.190931519681753,0.02820372423927222,-0.11011434650760814,0.020460729653424894,132950.11871834146,132950.11871834146,132950.11871834146,1.0,1.0,0.3,0.005,0.0,0.0,0.0,0.0,0.0,0.0,0.0,0.0,2000000.0,within,232950.11871834146,100000.0,166475.05935917073,16475.05935917073,1.0,0.11011434650760814,0.25,0.3,within,132950.11871834146,500000.0,550000.0,within,193944.15294289961,2085434.922395312,371808.75233131845,7392090.960747343
130.5,0.5171087855975639,1.7629311333371105,-0.38335658291094904,-2.300653142759039,-1.554218765688514,-1.7408391376562802,1.6069251921699579,0.11002497195189911,-0.21355444804130175,-0.006636892250575954,0.036124635627995616,0.05270929062895346,-2.1906713935201014,0.028238003039905417,-0.10766435534109274,0.028539093676883114,128100.45757384953,128100.45757384953,128100.45757384953,1.0,1.0,0.3,0.005,0.0,0.0,0.0,0.0,0.0,0.0,0.0,0.0,2000000.0,within,228100.45757384953,100000.0,164050.22878692477,14050.228786924767,1.0,0.10766435534109274,0.25,0.3,within,128100.45757384953,500000.0,550000.0,within,191083.41589120863,2087934.3580758735,364984.56885055243,7397394.140234123
130.6,0.5129111405194314,1.7629412809466967,-0.3923810667651846,-2.300619564935198,-1.5445711108928035,-1.756215677667133,1.5979460447580032,0.1103636148311292,-0.20972318524354017,-0.006568280623639566,0.03603589241325267,0.053377797799219515,-2.190298820999415,0.028279507858012722,-0.1044599552887733,0.035548907369505396,122468.6867662634,122468.6867662634,122468.6867662634,1.0,1.0,0.3,0.005,0.0,0.0,0.0,0.0,0.0,0.0,0.0,0.0,2000000.0,within,222468.6867662634,100000.0,161234.3433831317,11234.343383131694,1.0,0.1044599552887733,0.25,0.3,within,122468.6867662634,500000.0,550000.0,within,187114.31273675564,2091035.2177985997,355230.2922404573,7403911.9573236685
130.70000000000002,0.5078984498476448,1.7630048489655492,-0.40181957126613155,-2.3006431928947673,-1.5323019023598479,-1.7757190082788243,1.5866733847733303,0.11079633056706367,-0.2050790905680418,-0.006490307101998383,0.03593484981473427,0.05437434594241894,-2.189889293771376,0.028330779635180034,-0.10060284074203636,0.04159338356523354,116168.400325425,116168.400325425,116168.400325425,1.0,1.0,0.3,0.005,0.0,0.0,0.0,0.0,0.0,0.0,0.0,0.0,2000000.0,within,216168.40032542497,99999.99999999999,158084.20016271248,8084.200162712485,1.0,0.10060284074203636,0.25,0.3,within,116168.400325425,500000.0,550000.0,within,182214.51921698725,2094589.9651972689,342977.7207902525,7411405.482778167
130.8,0.502201000312596,1.7631577013709494,-0.4115941701260031,-2.300772370422086,-1.5176999972905192,-1.7962920727706941,1.5734091334900422,0.1112883177069764,-0.1997101549678464,-0.006401186609728882,0.03582377990520502,0.05571199770994989,-2.189525959682372,0.028389690117544893,-0.096159924572662,0.04726493982225366,109169.43973044681,109169.43973044681,109169.43973044681,1.0,1.0,0.3,0.005,0.0,0.0,0.0,0.0,0.0,0.0,0.0,0.0,2000000.0,within,209169.4397304468,99999.99999999999,154584.7198652234,4584.719865223393,1.0,0.096159924572662,0.25,0.3,within,109169.43973044681,500000.0,550000.0,within,176287.88512724647,2098640.153062355,327994.41956844716,7420070.672612398
130.9,0.4959257374978972,1.7633774727354143,-0.4216260856545925,-2.3009793640320875,-1.5010647353093243,-1.8166734681464272,1.5585047520687985,0.11185182217388343,-0.19366265424102436,-0.006302465575132032,0.03570261356472271,0.05744287566629712,-2.1891688625548396,0.028453656777682763,-0.09115294596093505,0.05287463241228467,101438.28944496105,101438.28944496105,101438.28944496105,1.0,1.0,0.3,0.005,0.0,0.0,0.0,0.0,0.0,0.0,0.0,0.0,2000000.0,within,201438.28944496106,100000.0,150719.14472248053,719.1447224805306,1.0,0.09115294596093505,0.25,0.3,within,101438.28944496105,500000.0,550000.0,within,169313.47289389963,2103123.0232565114,310169.04893405567,7429717.083430532
131.0,0.48916239278241747,1.7635917653653794,-0.43183149126332343,-2.3011709954831456,-1.4826870527593112,-1.8372239398438954,1.542323656308545,0.1124622407877456,-0.18696292111495286,-0.006200745212112224,0.035573364767042204,0.05963945839043751,-2.1887494371521994,0.02852200798867298,-0.08558286642525123,0.058526958301391645,92955.31928003702,92955.31928003702,92955.31928003702,1.0,1.0,0.3,0.005,0.0,0.0,0.0,0.0,0.0,0.0,0.0,0.0,2000000.0,within,196477.6596400185,103522.34035998149,150000.0,0.0,0.0,0.08558286642525123,0.25,0.3,within,92955.31928003702,500000.0,550000.0,within,161448.39116313925,2107841.6548030674,289765.7887333362,7439817.1507989885
131.1,0.48202635910604286,1.7637941673825754,-0.44212202843913895,-2.301340327619875,-1.4628540739427365,-1.856740239310122,1.5252163434404507,0.1131097990638641,-0.17965987966102204,-0.00609969252956688,0.03543773220918256,0.06236511871285783,-2.1882705355831846,0.028593007757968664,-0.07947414071418858,0.0636475559198616,83867.68181774032,83867.68181774032,83867.68181774032,1.0,1.0,0.3,0.005,0.0,0.0,0.0,0.0,0.0,0.0,0.0,0.0,2000000.0,within,191933.84090887016,108066.15909112984,150000.0,0.0,0.0,0.07947414071418858,0.25,0.3,within,83867.68181774032,500000.0,550000.0,within,152741.94267065643,2112729.660384437,266817.4764341605,7450225.0178774595
131.20000000000002,0.47466804771060234,1.7640554659351786,-0.4524050898454068,-2.301581274849193,-1.441843437012998,-1.8714953704063924,1.50751843716329,0.11379162076342506,-0.1718334224471594,-0.0060021244642456395,0.035298815011642226,0.06567784243364393,-2.1878289648001563,0.028664960776621812,-0.07288323044130925,0.06817064953772525,74263.06153396687,74263.06153396687,74263.06153396687,1.0,1.0,0.3,0.005,0.0,0.0,0.0,0.0,0.0,0.0,0.0,0.0,2000000.0,within,187131.53076698343,112868.46923301657,150000.0,0.0,0.0,0.07288323044130925,0.25,0.3,within,74263.06153396687,500000.0,550000.0,within,143216.71430971293,2117816.43174838,241303.47724111064,7461126.110310473
131.3,0.4672035019945103,1.7643603496176363,-0.46258437895103943,-2.3018750363192635,-1.4199007171950417,-1.8799460206157292,1.4895337340012311,0.11446656126379383,-0.16354439304600663,-0.005914160212810771,0.03516215332630157,0.06963584916933849,-2.187447069982692,0.028739110410426448,-0.06584977018084352,0.07249855567158879,64113.3127633794,64113.3127633794,64113.3127633794,1.0,1.0,0.3,0.005,0.0,0.0,0.0,0.0,0.0,0.0,0.0,0.0,2000000.0,within,182056.6563816897,117943.3436183103,150000.0,0.0,0.0,0.06584977018084352,0.25,0.3,within,64113.3127633794,500000.0,550000.0,within,133033.07535549405,2122906.883253619,213512.87858848018,7472109.021140201
131.4,0.45971339968134667,1.7646411021732078,-0.4725634130953593,-2.302134175188388,-1.3972430995554257,-1.8824138144925457,1.4715120596602511,0.11515507836841461,-0.1548400079016387,-0.005838144099101328,0.03502800885695212,0.07427178093427321,-2.1870169763612455,0.02881395309611286,-0.05840353525236472,0.07642614289798715,53498.76521250771,53498.76521250771,53498.76521250771,1.0,1.0,0.3,0.005,0.0,0.0,0.0,0.0,0.0,0.0,0.0,0.0,2000000.0,within,176749.38260625384,123250.61739374614,150000.0,0.0,0.0,0.05840353525236472,0.25,0.3,within,53498.76521250771,500000.0,550000.0,within,122235.47975922868,2127812.8212543395,183505.4774478863,7482617.381694177
131.5,0.45226016209901365,1.7648903427760638,-0.4822493326047804,-2.3023500353186517,-1.374071666448944,-1.8797350642322053,1.453653051238366,0.11583958741850041,-0.14576503553958195,-0.005773629307853412,0.03489342254372918,0.07958419194820072,-2.1865476165891726,0.028884749537459457,-0.05057535688272112,0.08013742449488451,42423.313445198684,42423.313445198684,42423.313445198684,1.0,1.0,0.3,0.005,0.0,0.0,0.0,0.0,0.0,0.0,0.0,0.0,2000000.0,within,171211.65672259935,128788.34327740065,150000.0,0.0,0.0,0.05057535688272112,0.25,0.3,within,42423.313445198684,500000.0,550000.0,within,110807.60826378709,2132672.729637798,151246.33711092122,7492973.788335617
131.6,0.4448839829431192,1.7651148656944649,-0.4915527550167047,-2.302532387469804,-1.35056892707433,-1.8736509237997414,1.4361084917814424,0.11650583491243703,-0.13636590381256739,-0.005723401627427904,0.03476078777861957,0.0855423557115411,-2.1860630180049783,0.02895280001456715,-0.04240106646904747,0.08334838377858883,30991.058242408602,30991.058242408602,30991.058242408602,1.0,1.0,0.3,0.005,0.0,0.0,0.0,0.0,0.0,0.0,0.0,0.0,2000000.0,within,165495.5291212043,134504.4708787957,150000.0,0.0,0.0,0.04240106646904747,0.25,0.3,within,30991.058242408602,500000.0,550000.0,within,98916.50352020704,2137425.9470728645,117149.16749193345,7503071.361711675
131.70000000000002,0.4376405672507878,1.7653106220651693,-0.5003845169643769,-2.302676714536323,-1.3268950339956698,-1.8642685060734994,1.4189786247377194,0.11716344227848888,-0.12672744569559663,-0.005689809453102157,0.03463415552601701,0.09208636389575786,-2.1855490501327273,0.029020719423254782,-0.03395849867344404,0.08550297213348014,19415.951081233812,19415.951081233812,19415.951081233812,1.0,1.0,0.3,0.005,0.0,0.0,0.0,0.0,0.0,0.0,0.0,0.0,2000000.0,within,159707.9755406169,140292.0244593831,150000.0,0.0,0.0,0.03395849867344404,0.25,0.3,within,19415.951081233812,500000.0,550000.0,within,86758.85494329332,2141879.7640890256,81730.34419153427,7512459.09267349
131.8,0.43059766186645027,1.7655001622092035,-0.5086573438696083,-2.3028131505806058,-1.3031894225791212,-1.850321753568335,1.4023240092823288,0.11779426560268745,-0.11695447130106564,-0.005671092259831312,0.034512690929147105,0.09913733974968132,-2.185053988375079,0.029085313034503794,-0.02534823578031345,0.08670228572913154,7810.541343171151,7810.541343171151,7810.541343171151,1.0,1.0,0.3,0.005,0.0,0.0,0.0,0.0,0.0,0.0,0.0,0.0,2000000.0,within,153905.27067158557,146094.72932841443,150000.0,0.0,0.0,0.02534823578031345,0.25,0.3,within,7810.541343171151,500000.0,550000.0,within,74390.60084448216,2146148.430136851,45212.92741994001,7521453.5317671895
131.9,0.4238001323566962,1.7657083172773702,-0.5162881707884457,-2.3029746804431492,-1.2795669819910258,-1.8316190106879116,1.3861855333813022,0.11841422218133729,-0.10712795169887455,-0.005665704362641577,0.03439606011691687,0.10662128308950293,-2.184594907083725,0.029145263507108908,-0.016648394341029063,0.08729454305655636,-3791.7008221691995,-3791.7008221691995,3791.7008221691995,1.0,1.0,0.3,0.005,0.0,0.0,0.0,0.0,0.0,0.0,0.0,0.0,2000000.0,within,148104.1495889154,151895.8504110846,150000.0,0.0,0.0,0.016648394341029063,0.25,0.3,within,3791.7008221691995,500000.0,550000.0,within,61868.65598535666,2150273.968446922,7816.165056377184,7530170.271809618
132.0,0.4172493466009746,1.76588748376202,-0.5231996144931752,-2.3030995099883875,-1.2561162597670177,-1.8104886145937138,1.3705858849219028,0.11900062452049348,-0.09729150348613885,-0.005673668762149475,0.03428736988906822,0.1144723334420383,-2.184132694053129,0.029203605955000274,-0.007901007039374075,0.08765320297654364,-15409.984044351238,-15409.984044351238,15409.984044351238,1.0,1.0,0.3,0.005,0.0,0.0,0.0,0.0,0.0,0.0,0.0,0.0,2000000.0,within,142295.00797782437,157704.99202217563,150000.0,0.0,0.0,0.007901007039374075,0.25,0.3,within,15409.984044351238,500000.0,550000.0,within,49302.19495698155,2154062.1270930422,-30133.14088530594,7538124.048398088
132.1,0.41091669343660214,1.7659938013831924,-0.5293188019806413,-2.3031306299960845,-1.2329017178212842,-1.791508199383913,1.3555220313010008,0.1195634805293926,-0.08745877816866705,-0.005692256477132673,0.034184215125259154,0.1226229969455127,-2.183600335018997,0.029259583504847354,0.0008800629032048729,0.08796819587503563,-27063.99494825385,-27063.99494825385,27063.99494825385,1.0,1.0,0.3,0.005,0.0,0.0,0.0,0.0,0.0,0.0,0.0,0.0,2000000.0,within,136468.00252587307,163531.99747412693,150000.0,0.0,0.0,0.0008800629032048729,0.25,0.3,within,27063.99494825385,500000.0,550000.0,within,36687.9331742386,2157503.4283251567,-68559.2087297074,7545210.955606104
132.20000000000002,0.40479201072168325,1.7660487806150844,-0.5345808893995233,-2.3030964540055767,-1.2099902716839903,-1.7779188900793337,1.3409994423034997,0.12011673411178195,-0.07765158420922451,-0.00571958818047591,0.03408171952525718,0.13101182867095454,-2.183012303719343,0.029309276099990438,0.009673388886966228,0.08789832380019136,-38657.21083184998,-38657.21083184998,38657.21083184998,1.0,1.0,0.3,0.005,0.0,0.0,0.0,0.0,0.0,0.0,0.0,0.0,2000000.0,within,130671.39458407501,169328.60541592498,150000.0,0.0,0.0,0.009673388886966228,0.25,0.3,within,38657.21083184998,500000.0,550000.0,within,24048.19686291556,2160825.677663048,-107336.0865145874,7551961.3916917145
132.3,0.3988830309179726,1.7660501469453063,-0.5389342546936609,-2.3029944180474473,-1.1874716989648106,-1.7711840885601127,1.327072575710017,0.1206287411103076,-0.06789631017742846,-0.0057574674876548215,0.03398310620444178,0.13960350763788662,-2.182397674312132,0.029355405053908146,0.01845638421259317,0.08776158271234744,-50223.41644410877,-50223.41644410877,50223.41644410877,1.0,1.0,0.3,0.005,0.0,0.0,0.0,0.0,0.0,0.0,0.0,0.0,2000000.0,within,124888.29177794562,175111.70822205438,150000.0,0.0,0.0,0.01845638421259317,0.25,0.3,within,50223.41644410877,500000.0,550000.0,within,11516.483535959473,2163941.7903404776,-146119.8791547299,7558215.2437168155
132.4,0.39318362222289116,1.7659717382787232,-0.5423417728863194,-2.3027908563686776,-1.1654595993146677,-1.7736676392736457,1.3138394127727244,0.1211161975608128,-0.05818992967366322,-0.005805113780759541,0.03389129854517625,0.14838241651442372,-2.1817060942312283,0.029401960529960736,0.027238915661523845,0.0878890462662662,-61841.850667481005,-61841.850667481005,61841.850667481005,1.0,1.0,0.3,0.005,0.0,0.0,0.0,0.0,0.0,0.0,0.0,0.0,2000000.0,within,119079.07466625949,180920.9253337405,150000.0,0.0,0.0,0.027238915661523845,0.25,0.3,within,61841.850667481005,500000.0,550000.0,within,-914.2077566311054,2166646.7201066446,-184907.09371012764,7563449.108667564
132.5,0.38770118902389195,1.7658240349972403,-0.5447836173739443,-2.302500152765242,-1.1441080130864947,-1.7866400846022654,1.3014614644643574,0.12157093178389253,-0.0485181331556526,-0.0058602152421443066,0.033801260179081805,0.15735602599005247,-2.1809601242800434,0.029444346123424583,0.036046568369043804,0.08826400788413315,-73542.94456498073,-73542.94456498073,73542.94456498073,1.0,1.0,0.3,0.005,0.0,0.0,0.0,0.0,0.0,0.0,0.0,0.0,2000000.0,within,113228.52771750963,186771.47228249037,150000.0,0.0,0.0,0.036046568369043804,0.25,0.3,within,73542.94456498073,500000.0,550000.0,within,-13352.878203612869,2169188.257209291,-223952.18890932703,7568248.316047461
132.6,0.3824831606809015,1.7656667686869656,-0.546258058390504,-2.3022012238664984,-1.1236172175967638,-1.808175815876718,1.2901912999961103,0.12199455895820181,-0.0388743021821494,-0.005927533752092984,0.03371237425135609,0.16657662857150168,-2.1802370777364515,0.029480973148824943,0.04490359343369824,0.08887649340895566,-85356.7147552891,-85356.7147552891,85356.7147552891,1.0,1.0,0.3,0.005,0.0,0.0,0.0,0.0,0.0,0.0,0.0,0.0,2000000.0,within,107321.64262235546,192678.35737764454,150000.0,0.0,0.0,0.04490359343369824,0.25,0.3,within,85356.7147552891,500000.0,550000.0,within,-25686.210091761837,2171719.2406632393,-263064.63941596344,7573052.025997273
132.70000000000002,0.37760123622216296,1.7655700543883868,-0.5467786773073489,-2.3019866477394717,-1.1042144791830775,-1.8342921843505844,1.2803488306065605,0.12237334633284497,-0.02924701476966501,-0.006013165806159293,0.03363345243114724,0.1761368692071325,-2.1796432760859603,0.02951862508812813,0.053843746856685026,0.0899265750507802,-97367.73360199656,-97367.73360199656,97367.73360199656,1.0,1.0,0.3,0.005,0.0,0.0,0.0,0.0,0.0,0.0,0.0,0.0,2000000.0,within,101316.13319900172,198683.86680099828,150000.0,0.0,0.0,0.053843746856685026,0.25,0.3,within,97367.73360199656,500000.0,550000.0,within,-37811.346603543,2174045.6820625756,-302127.1828079077,7577554.783477128
132.8,0.37309899135256774,1.7655575374233599,-0.5463766062332712,-2.301888346372749,-1.086141300098439,-1.862295975316361,1.2722858693342618,0.12267764018152044,-0.019581811455249804,-0.0061168251982053334,0.03356685121394776,0.18614705815576382,-2.179240303121849,0.029558857064225487,0.06294604928445063,0.09211947350453183,-109821.35249739749,-109821.35249739749,109821.35249739749,1.0,1.0,0.3,0.005,0.0,0.0,0.0,0.0,0.0,0.0,0.0,0.0,2000000.0,within,99999.99999999999,209821.35249739746,154910.67624869873,4910.676248698728,1.0,0.06294604928445063,0.25,0.3,within,109821.35249739749,500000.0,550000.0,within,-49921.508200797136,2176170.171069594,-341710.4993220747,7581838.304302463
132.9,0.36898678824700315,1.7655976830527467,-0.5450968208270324,-2.3018661382325822,-1.0696346471232168,-1.891272314876126,1.2663579970610657,0.12292996638404695,-0.009794989134964573,-0.006241960559279391,0.03350539613404857,0.19672581113728996,-2.1789654720960385,0.029595617844998142,0.07231902804951605,0.09534010179677643,-122837.81012573277,-122837.81012573277,122837.81012573277,1.0,1.0,0.3,0.005,0.0,0.0,0.0,0.0,0.0,0.0,0.0,0.0,2000000.0,within,100000.00000000001,222837.8101257328,161418.9050628664,11418.905062866397,1.0,0.07231902804951605,0.25,0.3,within,122837.81012573277,500000.0,550000.0,within,-62067.29606988115,2178289.8896827158,-382074.6105598308,7586268.999734591
133.0,0.3652815075100869,1.7656314697737443,-0.5429874072187433,-2.3018437959984857,-1.0548989304348646,-1.920007713103531,1.2628820236846101,0.12310431042018855,0.00017456048341263824,-0.006397834623683707,0.033448493759229425,0.20798552744137397,-2.178768577129968,0.029627986023877916,0.08204590894737,0.09919751616030245,-136448.7757836052,-136448.7757836052,136448.7757836052,1.0,1.0,0.3,0.005,0.0,0.0,0.0,0.0,0.0,0.0,0.0,0.0,2000000.0,within,99999.99999999999,236448.77578360518,168224.3878918026,18224.387891802588,1.0,0.08204590894737,0.25,0.3,within,136448.7757836052,500000.0,550000.0,within,-74045.83539292793,2180347.1761887656,-422901.55666997854,7590655.262730917
133.1,0.3620106855025545,1.7656668935003579,-0.5401042070548886,-2.3018325344191646,-1.0421180937029813,-1.9462431116890153,1.2621064321016364,0.12319099829293839,0.010354898854246003,-0.0065883124773904456,0.03340158416604844,0.21999074649211775,-2.1786705150400274,0.029660979728458343,0.09217210081110878,0.10332632111447278,-150641.11003457443,-150641.11003457443,150641.11003457443,1.0,1.0,0.3,0.005,0.0,0.0,0.0,0.0,0.0,0.0,0.0,0.0,2000000.0,within,99999.99999999999,250641.1100345744,175320.5550172872,25320.555017287203,1.0,0.09217210081110878,0.25,0.3,within,150641.11003457443,500000.0,550000.0,within,-85801.45266452915,2182148.75236053,-464145.60353409965,7594587.968212191
